
//3^4
a:a0,a1,a2
b:b0,b1,b2
c:c0,c1,c2
d:d0,d1,d2

3^4     n=9
0000
0121
0212
1022
1110
1201
2011
2102
2220

//2^2,6^1
a:a0,a1
b:b0,b1
c:c0,c1,c2,c3,c4,c5

2^2 6^1     n=12
000
002
004
011
013
015
101
103
105
110
112
114




//4^11 12^2
a:a0,a1,a2,a3
b:b0,b1,b2,b3
c:c0,c1,c2,c3
d:d0,d1,d2,d3
e:e0,e1,e2,e3
f:f0,f1,f2,f3
g:g0,g1,g2,g3
h:h0,h1,h2,h3
i:i0,i1,i2,i3
j:j0,j1,j2,j3
k:k0,k1,k2,k3
l:l0,l1,l2,l3,l4,l5,l6,l7,l8,l9,l10,l11
m:m0,m1,m2,m3,m4,m5,m6,m7,m8,m9,m10,m11

4^11 12^2     n=144
00000000000 0 0
00000000000 0 4
00000000000 0 8
00222333111 1 0
00222333111 1 4
00222333111 1 8
00333111222 2 0
00333111222 2 4
00333111222 2 8
0102123120311 3
0102123120311 7
010212312031111
0110231232010 3
0110231232010 7
011023123201011
01210123032 9 3
01210123032 9 7
01210123032 911
02013320123 4 1
02013320123 4 5
02013320123 4 9
02130032231 3 1
02130032231 3 5
02130032231 3 9
02301203312 5 1
02301203312 5 5
02301203312 5 9
03123102013 8 2
03123102013 8 6
03123102013 810
03231210130 6 2
03231210130 6 6
03231210130 610
03312021301 7 2
03312021301 7 6
03312021301 710
1001320323110 2
1001320323110 6
100132032311010
1013032031211 2
1013032031211 6
101303203121110
10301032123 9 2
10301032123 9 6
10301032123 910
11111111111 0 1
11111111111 0 5
11111111111 0 9
11222000333 2 1
11222000333 2 5
11222000333 2 9
11333222000 1 1
11333222000 1 5
11333222000 1 9
12032013102 8 3
12032013102 8 7
12032013102 811
12203130210 7 3
12203130210 7 7
12203130210 711
12320301021 6 3
12320301021 6 7
12320301021 611
13021123320 3 0
13021123320 3 4
13021123320 3 8
13102231032 4 0
13102231032 4 4
13102231032 4 8
13210312203 5 0
13210312203 5 4
13210312203 5 8
20123021130 5 3
20123021130 5 7
20123021130 511
20231102301 4 3
20231102301 4 7
20231102301 411
20312210013 3 3
20312210013 3 7
20312210013 311
21013032312 6 0
21013032312 6 4
21013032312 6 8
21130203123 7 0
21130203123 7 4
21130203123 7 8
21301320231 8 0
21301320231 8 4
21301320231 8 8
22000111333 1 2
22000111333 1 6
22000111333 110
22111333000 2 2
22111333000 2 6
22111333000 210
22222222222 0 2
22222222222 0 6
22222222222 010
23032301210 9 1
23032301210 9 5
23032301210 9 9
2320301302111 1
2320301302111 5
2320301302111 9
2332013010210 1
2332013010210 5
2332013010210 9
30021312032 7 1
30021312032 7 5
30021312032 7 9
30102123203 6 1
30102123203 6 5
30102123203 6 9
30210231320 8 1
30210231320 8 5
30210231320 8 9
31032130021 5 2
31032130021 5 6
31032130021 510
31203301102 3 2
31203301102 3 6
31203301102 310
31320013210 4 2
31320013210 4 6
31320013210 410
32123210301 9 0
32123210301 9 4
32123210301 9 8
3223102101310 0
3223102101310 4
3223102101310 8
3231210213011 0
3231210213011 4
3231210213011 8
33000222111 2 3
33000222111 2 7
33000222111 211
33111000222 1 3
33111000222 1 7
33111000222 111
33333333333 0 3
33333333333 0 7
33333333333 011

//12^7 
a:a0,a1,a2,a3,a4,a5,a6,a7,a8,a9,a10,a11
b:b0,b1,b2,b3,b4,b5,b6,b7,b8,b9,b10,b11
c:c0,c1,c2,c3,c4,c5,c6,c7,c8,c9,c10,c11
d:d0,d1,d2,d3,d4,d5,d6,d7,d8,d9,d10,d11
e:e0,e1,e2,e3,e4,e5,e6,e7,e8,e9,e10,e11
f:f0,f1,f2,f3,f4,f5,f6,f7,f8,f9,f10,f11
g:g0,g1,g2,g3,g4,g5,g6,g7,g8,g9,g10,g11

12^7     n=144
 0 0 0 0 0 0 0
 0 1 6 3 8 4 1
 0 2 8 6 111 2
 0 3 2 11110 3
 0 4 7 9 5 2 4
 0 5 111 9 7 5
 0 6 9 2 3 8 6
 0 711 810 6 7
 0 8 4 5 2 9 8
 0 910 4 7 1 9
 010 5 7 6 310
 011 310 4 511
 1 0 2 610 8 5
 1 1 1 1 1 1 0
 1 2 7 4 9 5 1
 1 3 9 7 2 6 2
 1 4 3 2 611 3
 1 5 810 0 3 4
 1 6 411 5 011
 1 710 3 4 9 6
 1 8 6 911 7 7
 1 9 5 0 310 8
 11011 5 8 2 9
 111 0 8 7 410
 2 0 911 1 4 4
 2 1 3 711 9 5
 2 2 2 2 2 2 0
 2 3 8 510 0 1
 2 410 8 3 7 2
 2 5 4 3 7 6 3
 2 6 1 9 8 510
 2 7 5 6 0 111
 2 811 4 510 6
 2 9 710 6 8 7
 210 0 1 411 8
 211 6 0 9 3 9
 3 0 5 4 8 7 3
 3 110 6 2 5 4
 3 2 4 8 610 5
 3 3 3 3 3 3 0
 3 4 9 011 1 1
 3 511 9 4 8 2
 3 6 7 110 4 9
 3 7 210 9 010
 3 8 0 7 1 211
 3 9 6 5 011 6
 310 811 7 9 7
 311 1 2 5 6 8
 4 0 610 5 9 2
 4 1 0 5 9 8 3
 4 211 7 3 0 4
 4 3 5 9 711 5
 4 4 4 4 4 4 0
 4 510 1 6 2 1
 4 6 2 3 0 7 8
 4 7 8 211 5 9
 4 8 31110 110
 4 9 1 8 2 311
 410 7 0 1 6 6
 411 9 6 810 7
 5 011 2 7 3 1
 5 1 711 010 2
 5 2 1 010 9 3
 5 3 6 8 4 1 4
 5 4 010 8 6 5
 5 5 5 5 5 5 0
 5 610 7 911 7
 5 7 3 4 1 8 8
 5 8 9 3 6 0 9
 5 9 4 611 210
 510 2 9 3 411
 511 8 1 2 7 6
 6 0 3 8 9 2 6
 6 1 5 2 4 0 7
 6 21011 8 3 8
 6 3 410 1 7 9
 6 411 1 0 910
 6 5 9 4101111
 6 6 6 6 6 6 0
 6 7 0 9 210 1
 6 8 2 0 7 5 2
 6 9 8 7 5 4 3
 610 1 311 8 4
 611 7 5 3 1 5
 7 010 511 611
 7 1 4 910 3 6
 7 2 0 3 5 1 7
 7 311 6 9 4 8
 7 4 511 2 8 9
 7 5 6 2 11010
 7 6 8 0 4 2 5
 7 7 7 7 7 7 0
 7 8 110 311 1
 7 9 3 1 8 0 2
 710 9 8 0 5 3
 711 2 4 6 9 4
 8 0 7 3 21110
 8 111 0 6 711
 8 2 51011 4 6
 8 3 1 4 0 2 7
 8 4 6 710 5 8
 8 5 0 6 3 9 9
 8 6 3 5 710 4
 8 7 9 1 5 3 5
 8 8 8 8 8 8 0
 8 9 211 4 6 1
 810 4 2 9 1 2
 81110 9 1 0 3
 9 0 1 7 410 9
 9 1 8 4 3 610
 9 2 6 1 7 811
 9 3 011 6 5 6
 9 4 2 5 1 3 7
 9 5 7 811 0 8
 9 61110 2 1 3
 9 7 4 0 811 4
 9 810 2 0 4 5
 9 9 9 9 9 9 0
 910 3 6 5 7 1
 911 5 310 2 2
10 0 8 9 6 1 8
10 1 2 8 511 9
10 2 9 5 4 710
10 3 7 2 8 911
10 4 1 6 7 0 6
10 5 3 0 2 4 7
10 6 0 411 3 2
10 7 611 3 2 3
10 8 5 1 9 6 4
10 911 3 1 5 5
101010101010 0
1011 4 7 0 8 1
11 0 4 1 3 5 7
11 1 910 7 2 8
11 2 3 9 0 6 9
11 310 0 5 810
11 4 8 3 91011
11 5 2 7 8 1 6
11 6 5 8 1 9 1
11 7 1 5 6 4 2
11 8 7 6 4 3 3
11 9 0 210 7 4
1110 6 4 2 0 5
111111111111 0